1062784
1237664
1254469
1264599
1361781
1506506
1660339
1663292
1697075
1763927
1788640
1906019
1976904
2029589
2268561
2313588
2338932
2355554
2385972
2449245
2547175
2669833
2984122
3021738
3238129
3499969
3500120
3553276
3556522
3820635
3871542
3922128
4062513
4098132
4356960
4402590
4431602
4498461
4527707
4691839
4697332
4730486
4753651
4964095
5063503
5066177
5080474
5164258
5193801
5223748
5256646
5374251
5396620
5411753
5544419
5600657
5617340
5625347
5711963
5754331
5908975
6010470
6076467
6347096
6449132
6519395
6526730
6649799
6803815
6847926
6991893
7158193
7236659
7541373
7787344
7847025
7917462
8024608
8079334
8148293
8297228
8350011
8400028
8461303
8542331
8568032
8866925
8905282
8917903
8954637
8969126
8997587
9156362
9591375
9629251
9738289
9751721
9754596
9757200
9928545